1 effect

13 vars, 14 eqs:
[3.42039383919286 3.42143404062896 2643.75386446249 79.999880852681 3.11894949731962 6.88078094977979 6.88089919491653 1115.70501644389 694.53960304166 13.4595942180291 0.0219655211737973 329.813303652216 80.9998772394287]

order = [1 2 6 8 9 5 4 3 7 10 11 13 12];

[3.42039383887724 3.42143404133204 6.88078095014002 1115.70501626728 694.539602964528 3.11894949695921 79.9998808526604 2643.75386446245 6.88089919527719 13.4595942176868 0.0219655211735024 80.9998772394082 329.813303652253]

LMTD definition was wrong, after correction:
[3.42039383887724 3.42143404133204 6.88078095014002 1115.70501626728 694.539602964528 3.11894949695921 79.9998808526604 2643.75386446245 6.88089919527719 13.4595942176868 0.0219655211735024 80.9998772394082 329.813303652253]
[3.4203935567642 3.42143375689866 6.8807803087611 1115.70527393952 694.539722612605 3.11895013862285 79.9998469623337 2643.75380776821 6.88089855377392 13.4595938604897 0.021965521754209 80.9998433490855 329.813164822737]
